GERO 246 009204304 84
GERO 246 862539403 30
GERO 246 649892603 75
GERO 246 305890997 77
GERO 246 946310649 85
GERO 065 009204304 68
GERO 065 862539403 12
GERO 065 649892603 92
GERO 065 305890997 37
GERO 065 946310649 94
GERO 348 009204304 14
GERO 348 862539403 50
GERO 348 649892603 98
GERO 348 305890997 33
GERO 348 946310649 3
GERO 126 009204304 87
GERO 126 862539403 89
GERO 126 649892603 18
GERO 126 305890997 10
GERO 126 946310649 83
GERO 297 009204304 95
GERO 297 862539403 12
GERO 297 649892603 95
GERO 297 305890997 62
GERO 297 946310649 61
SD 246 009204304 65
SD 246 862539403 47
SD 246 649892603 69
SD 246 305890997 25
SD 246 946310649 59
SD 065 009204304 22
SD 065 862539403 83
SD 065 649892603 36
SD 065 305890997 97
SD 065 946310649 28
SD 348 009204304 44
SD 348 862539403 49
SD 348 649892603 31
SD 348 305890997 71
SD 348 946310649 9
SD 126 009204304 8
SD 126 862539403 45
SD 126 649892603 2
SD 126 305890997 21
SD 126 946310649 63
SD 297 009204304 3
SD 297 862539403 44
SD 297 649892603 40
SD 297 305890997 11
SD 297 946310649 81
GEOG 246 009204304 77
GEOG 246 862539403 5
GEOG 246 649892603 8
GEOG 246 305890997 98
GEOG 246 946310649 37
GEOG 065 009204304 9
GEOG 065 862539403 34
GEOG 065 649892603 95
GEOG 065 305890997 4
GEOG 065 946310649 93
GEOG 348 009204304 37
GEOG 348 862539403 63
GEOG 348 649892603 12
GEOG 348 305890997 39
GEOG 348 946310649 51
GEOG 126 009204304 9
GEOG 126 862539403 90
GEOG 126 649892603 28
GEOG 126 305890997 3
GEOG 126 946310649 21
GEOG 297 009204304 44
GEOG 297 862539403 59
GEOG 297 649892603 23
GEOG 297 305890997 86
GEOG 297 946310649 37
IAT 246 009204304 56
IAT 246 862539403 1
IAT 246 649892603 98
IAT 246 305890997 58
IAT 246 946310649 47
IAT 065 009204304 91
IAT 065 862539403 98
IAT 065 649892603 25
IAT 065 305890997 0
IAT 065 946310649 49
IAT 348 009204304 19
IAT 348 862539403 66
IAT 348 649892603 22
IAT 348 305890997 13
IAT 348 946310649 95
IAT 126 009204304 58
IAT 126 862539403 42
IAT 126 649892603 72
IAT 126 305890997 73
IAT 126 946310649 98
IAT 297 009204304 91
IAT 297 862539403 56
IAT 297 649892603 91
IAT 297 305890997 45
IAT 297 946310649 13
BISC 246 009204304 35
BISC 246 862539403 72
BISC 246 649892603 82
BISC 246 305890997 58
BISC 246 946310649 15
BISC 065 009204304 86
BISC 065 862539403 83
BISC 065 649892603 5
BISC 065 305890997 100
BISC 065 946310649 27
BISC 348 009204304 81
BISC 348 862539403 90
BISC 348 649892603 55
BISC 348 305890997 63
BISC 348 946310649 13
BISC 126 009204304 5
BISC 126 862539403 43
BISC 126 649892603 67
BISC 126 305890997 36
BISC 126 946310649 34
BISC 297 009204304 60
BISC 297 862539403 29
BISC 297 649892603 97
BISC 297 305890997 63
BISC 297 946310649 20
